R1=3;
V1=(4*pi*R1^3)/3;
V2=V1*1.3;
R2=((3*V2)/(4*pi))^(1/3)